i_rst_t
i_wb_data
i_wb_cyc, i_wb_adr, i_wb_stb, i_wb_we
o_wb_data_r, o_un_r, o_valid_r, o_wb_ack_r
0, 32'h00000000, 0, 1 => 0, 0, 0, 0
0, 32'h00000004, 0, 1 => 0, 0, 0, 0
0, 32'h00000008, 0, 1 => 0, 0, 0, 0
0, 32'h0000000c, 0, 1 => 0, 0, 0, 0
0, 32'h00000010, 0, 1 => 0, 0, 0, 0
1, 32'h00000000, 1, 0 => 1, 0, 0, 1 
1, 32'h00000004, 1, 0 => 1, 0, 0, 1 
1, 32'h00000008, 1, 0 => 1, 0, 0, 1 
1, 32'h0000000c, 1, 0 => 1, 0, 0, 1 
1, 32'h00000010, 1, 0 => 1, 0, 0, 1 
1, 32'h00000014, 1, 0 => 1, 0, 0, 1 
1, 32'h00000018, 1, 0 => 1, 0, 0, 1 
1, 32'h0000001c, 1, 0 => 1, 0, 0, 1 
1, 32'h00000020, 1, 0 => 1, 0, 0, 1 
=> 0, 1, 1, 1
1, 32'h00000024, 1, 0 => 1, 0, 0, 1 
1, 32'h00000028, 1, 0 => 1, 0, 0, 1 
1, 32'h0000002c, 1, 0 => 1, 0, 0, 1 
0, 32'h0000002c, 0, 1 => 0, 0, 0, 0 
